Negamax

Limit 11

48 24 56 34 48 40 18 48 54 34
28 56 20 30 59 46 58 48 38 53
50 52 38 32 55 34 26 34 54 22
38 52 50 58 54 44 62 46 10 52
44 28 52 40 50 48 58  6 54 46
53 56 40 36 46 47 44 30 28 46
42 52 64 55 39 54 36 36 54 58
40 56 42 64 55 38 54 54 40 22
40 36 51 36 28 54 54 52 48 54
My tokens: 4391 ; Total tokens: 6387
Score: 68.74902144981995
NM/AB Limit: 11
Game 48 as O => 6
 34261743445261605942372516243245332938_8_030_9544750584940463963233141511848565319552113_51222_4_315622014_1_211_65710_7
Game 39 as X => 10
 26344121374638251642334543403229172418111052_4495919475360_1_239_054632055_95662_86148505712_544315113_330221415_758_6-123
Elapsed time: 156.34375


alphabeta 

AB Limit: 1
46.04068857589984
0.796875

AB Limit: 2
45.4090411387455
0.71875

AB Limit: 3
50.19552635695291
0.71875

AB Limit: 4
50.50441361916772
0.75

AB Limit: 5
54.11580594679186
0.828125

AB Limit: 6
54.974968710888604
0.96875

AB Limit: 7
61.1206761621537
2.25

AB Limit: 8
61.257035647279544
2.4375

AB Limit: 9
65.34126487163432
13.59375

AB Limit: 10
68.01766282920674
15.46875

AB Limit: 11
70.57809807300643
118.75

AB Limit: 12
66.03065373787926
162.609375

0.7 0.7 0.7 0.7 0.9 1.0 2.2 2.7 15.1 15.8 191.8 169.9
43.3 43.5 48.4 51.7 55.7 53.6 55.9 59.3 63.0 64.7 63.7 69.2

0.7 0.6 0.6 0.8 0.9 0.9 2.0 2.5 11.9 28.1 153.5 158.2
49.0 44.4 49.1 51.5 55.3 52.0 62.0 60.0 64.2 67.1 70.0 71.8

2.3 1.8 2.0 1.8 2.1 2.2 2.4 2.2 5.3 5.5 51.9 38.2
43.4 46.6 52.7 48.4 51.1 51.9 56.0 60.7 66.6 60.7 67.8 70.0

1.4 1.4 1.3 1.3 1.4 1.4 1.7 1.9 4.1 5.4 29.6 31.8
44.2 44.0 51.7 51.0 54.2 50.4 57.7 62.0 65.2 64.8 67.0 67.2

1.4 1.4 1.4 1.4 1.4 1.5 1.7 1.9 4.2 5.0 32.5 34.3
45.0 47.2 49.8 47.9 57.9 53.0 57.5 61.6 62.2 68.1 69.1 69.9